bwd_pkt_len_std:	0.519234190393102
flow_iat_min:	0.2080074394756421
flow_duration:	0.17067462822729582
dst_port:	0.06417089028861846
init_fwd_win_byts:	0.008745273875058234
ack_flag_cnt:	0.008613583161436792
idle_min:	0.007886532546276755
src_port:	0.007730465110357941
fwd_pkts/s:	0.0021705497654451143
fwd_act_data_pkts:	0.0015128493557112904
idle_mean:	0.00038716600882778387
idle_max:	0.00015597129241108645
urg_flag_cnt:	0.0001276599604056624
fwd_iat_min:	0.00010942703499629969
fwd_iat_mean:	8.528336450558829e-05
flow_iat_mean:	6.224985096612435e-05
fwd_header_len:	5.644896709606313e-05
fwd_iat_tot:	3.0126941957283352e-05
fwd_iat_max:	2.55920719983131e-05
flow_pkts/s:	2.4974259833100397e-05
flow_iat_max:	2.2297977898959756e-05
subflow_fwd_byts:	1.918921044420555e-05
pkt_len_mean:	1.8202337761167017e-05
bwd_pkts/s:	1.4396503977397913e-05
fwd_seg_size_avg:	1.0843174111817397e-05
totlen_fwd_pkts:	8.10515315968221e-06
pkt_size_avg:	7.939036245120545e-06
tot_fwd_pkts:	7.508640731913713e-06
tot_bwd_pkts:	7.415524809430361e-06
bwd_header_len:	6.732360197158257e-06
pkt_len_max:	6.437909678027694e-06
subflow_bwd_pkts:	6.395006674126138e-06
flow_byts/s:	6.232003175182072e-06
subflow_fwd_pkts:	5.916641437980877e-06
init_bwd_win_byts:	5.8739560932226535e-06
down/up_ratio:	4.678809654961245e-06
fwd_pkt_len_mean:	4.589006395198979e-06
fwd_pkt_len_max:	4.076434566580484e-06
pkt_len_std:	3.836777418199647e-06
psh_flag_cnt:	3.466136066318026e-06
pkt_len_var:	2.1077766329614352e-06
fwd_seg_size_min:	1.8856117111067133e-06
fwd_pkt_len_std:	1.7170269376116722e-06
flow_iat_std:	1.4784928687615964e-06
pkt_len_min:	1.408282080805307e-06
protocol:	1.052556317182239e-06
fwd_psh_flags:	9.79646303770469e-07
syn_flag_cnt:	6.952201707136265e-07
fwd_pkt_len_min:	4.3886953865058634e-07
fwd_iat_std:	3.701766754033802e-07
bwd_pkt_len_max:	3.251849099091811e-07
totlen_bwd_pkts:	2.8467488728022694e-07
bwd_iat_tot:	2.6402591201205144e-07
bwd_pkt_len_mean:	2.5575832566817587e-07
bwd_iat_max:	2.4899303478750946e-07
bwd_seg_size_avg:	2.2894094055839533e-07
bwd_iat_std:	2.243954365405788e-07
ece_flag_cnt:	1.4966538618259646e-07
bwd_iat_mean:	1.4940018978145348e-07
active_min:	9.97731787282297e-08
active_max:	6.079447421180994e-08
bwd_iat_min:	4.327418137853464e-08
fin_flag_cnt:	2.4925985246614906e-08
active_std:	2.4591191990198694e-08
active_mean:	2.3997362110750543e-08
idle_std:	2.3392928170775335e-08
bwd_urg_flags:	0.0
fwd_byts/b_avg:	0.0
fwd_pkts/b_avg:	0.0
rst_flag_cnt:	0.0
bwd_pkt_len_min:	0.0
fwd_blk_rate_avg:	0.0
bwd_byts/b_avg:	0.0
cwe_flag_count:	0.0
bwd_pkts/b_avg:	0.0
bwd_blk_rate_avg:	0.0
subflow_bwd_byts:	0.0
fwd_urg_flags:	0.0
bwd_psh_flags:	0.0
