bwd_iat_max:	0.6112494487184865
dst_port:	0.2836178365710417
fwd_seg_size_min:	0.09922887006236923
init_fwd_win_byts:	0.0028132100077392615
down/up_ratio:	0.0007409634289696446
flow_iat_min:	0.0006740129457057654
fin_flag_cnt:	0.0002475576606664756
flow_duration:	0.00013425180356989975
flow_iat_max:	0.00013079478107038835
flow_iat_mean:	0.00010222264664712179
flow_pkts/s:	0.0001010062870190949
init_bwd_win_byts:	9.711866462944152e-05
pkt_size_avg:	8.28971638382656e-05
pkt_len_max:	6.506638422237297e-05
pkt_len_var:	6.495179731320031e-05
pkt_len_std:	6.047375656539634e-05
pkt_len_mean:	5.263430936404727e-05
subflow_bwd_pkts:	5.2233888507318534e-05
bwd_pkts/s:	4.792942835670128e-05
fwd_pkts/s:	4.3832301441490235e-05
subflow_fwd_byts:	4.03142261402942e-05
tot_bwd_pkts:	3.719143876059209e-05
fwd_seg_size_avg:	3.458380274213559e-05
subflow_fwd_pkts:	3.332954010136688e-05
flow_byts/s:	2.9367424299034193e-05
fwd_pkt_len_mean:	2.4330287788828002e-05
fwd_pkt_len_max:	2.3746765353354656e-05
bwd_header_len:	2.0949922343139587e-05
fwd_header_len:	1.758083482603903e-05
fwd_pkt_len_std:	1.4262895566241862e-05
totlen_fwd_pkts:	1.361096486366529e-05
fwd_iat_tot:	1.3370798528023384e-05
fwd_act_data_pkts:	1.3062378987904178e-05
syn_flag_cnt:	1.2562852164495469e-05
tot_fwd_pkts:	1.0796255467478768e-05
fwd_iat_min:	9.311762442163796e-06
fwd_pkt_len_min:	8.770288037357596e-06
bwd_pkt_len_std:	7.236534052271924e-06
flow_iat_std:	6.003008904437109e-06
fwd_psh_flags:	5.536253848996432e-06
fwd_iat_mean:	4.872994956306365e-06
ack_flag_cnt:	4.08529716660441e-06
fwd_iat_max:	3.1905905423746446e-06
bwd_seg_size_avg:	1.224328350769696e-06
bwd_iat_min:	1.2196739272015512e-06
bwd_pkt_len_mean:	1.2104933927428234e-06
urg_flag_cnt:	9.65778922858863e-07
idle_min:	0.0
bwd_iat_mean:	0.0
bwd_iat_std:	0.0
fwd_pkts/b_avg:	0.0
bwd_psh_flags:	0.0
fwd_urg_flags:	0.0
bwd_urg_flags:	0.0
idle_max:	0.0
pkt_len_min:	0.0
subflow_bwd_byts:	0.0
bwd_blk_rate_avg:	0.0
rst_flag_cnt:	0.0
psh_flag_cnt:	0.0
cwe_flag_count:	0.0
ece_flag_cnt:	0.0
bwd_pkts/b_avg:	0.0
bwd_byts/b_avg:	0.0
fwd_byts/b_avg:	0.0
bwd_iat_tot:	0.0
fwd_iat_std:	0.0
active_mean:	0.0
fwd_blk_rate_avg:	0.0
totlen_bwd_pkts:	0.0
active_max:	0.0
active_std:	0.0
bwd_pkt_len_max:	0.0
active_min:	0.0
idle_mean:	0.0
protocol:	0.0
idle_std:	0.0
bwd_pkt_len_min:	0.0
